10.21525239944458
13.57152533531189
10.252588987350464
10.335788249969482
17.403356313705444
13.172698497772217
20.546411752700806
10.4037184715271
17.600789546966553
20.640867948532104
10.473668813705444
17.710570812225342
13.937588453292847
13.991067171096802
20.911412477493286
14.028465509414673
13.504436254501343
26.79465365409851
13.689003229141235
21.30537462234497
27.024608612060547
13.80977201461792
18.282038927078247
10.875335693359375
21.35786771774292
10.201019048690796
10.309670448303223
13.680445432662964
10.387731075286865
13.781215906143188
13.249490976333618
20.606297254562378
20.61966109275818
13.962876558303833
10.592403173446655
8.27316164970398
8.280085802078247
8.198379278182983
7.858341932296753
12.087621212005615
8.248814105987549
12.09810471534729
12.096841096878052
8.267611503601074
11.761269092559814
8.231108665466309
8.297081232070923
7.968806982040405
8.318346500396729
8.094075679779053
8.483685731887817
12.49268889427185
8.25932264328003
12.709951639175415
8.769728183746338
12.911432266235352
12.582105875015259
12.61587905883789
13.032896518707275
8.487214803695679
