12.668
8.660
5.539
6.881
10.230
10.639
8.666
10.600
9.153
9.727
13.182
10.816
9.391
11.823
9.054
5.768
13.652
19.620
15.861
7.299
13.354
6.877
9.811
6.304
37.271
10.221
22.231
17.403
3.686
8.950
21.201
23.299
13.240
11.061
6.496
8.669
12.712
9.323
15.693
3.056
44.252
16.591
8.576
13.568
3.257
11.239
13.213
7.529
8.958
6.314
8.327
5.252
6.061
29.497
22.422
6.968
9.944
24.191
16.787
10.084
7.389
9.459
22.462
16.148
7.039
10.853
16.072
18.420
13.348
9.945
13.061
7.146
8.875
12.983
8.608
15.898
10.913
17.329
7.800
13.948
6.778
10.428
3.790
15.025
16.101
7.108
13.036
8.928
31.339
22.788
13.981
33.149
14.438
14.218
20.997
17.778
14.464
13.721
5.536
9.203
6.798
5.744
13.806
14.563
6.882
18.766
13.744
18.501
10.840
16.225
4.979
6.997
16.449
11.411
7.971
7.570
19.200
20.970
16.413
14.408
20.444
10.209
11.606
3.192
7.348
9.173
10.688
7.004
5.521
6.881
3.786
8.317
27.001
6.740
15.004
10.627
8.965
6.970
15.482
6.311
12.208
24.309
13.873
10.652
10.850
7.826
3.607
8.217
3.597
18.646
9.585
8.565
17.150
7.971
12.476
7.769
26.702
20.491
11.731
4.665
11.081
16.742
10.439
13.361
10.297
25.827
12.152
9.925
9.057
32.961
13.240
3.612
9.608
25.163
9.699
5.417
13.590
9.564
3.081
8.388
11.789
5.389
14.840
6.934
12.713
29.812
26.046
13.902
25.915
30.860
20.136
9.721
16.103
14.446
13.329
7.252
6.927
4.681
7.075
11.884
9.996
15.706
19.169
15.265
17.069
10.266
17.900
29.908
8.042
7.147
3.130
5.187
14.047
8.172
12.602
12.288
4.678
6.841
15.042
3.118
12.462
6.023
14.375
4.714
12.800
14.009
5.358
3.659
10.813
3.587
15.594
8.263
5.646
9.873
5.374
4.872
8.854
10.316
7.001
7.207
9.150
13.128
10.435
7.225
11.114
15.621
14.173
15.620
3.366
15.758
13.739
13.709
8.332
15.215
15.858
7.391
19.966
26.944
25.073
13.032
14.389
12.930
24.931
7.482
12.520
16.971
6.879
17.111
29.705
13.814
14.875
7.499
3.201
3.751
12.401
13.410
21.624
14.084
21.547
12.742
6.922
7.990
10.632
19.088
12.684
19.804
13.685
11.455
16.792
11.426
6.573
4.566
19.002
4.703
7.855
11.967
4.154
4.723
6.291
13.298
5.634
15.094
16.787
4.821
16.919
16.599
13.345
23.874
5.039
23.529
28.625
10.396
7.177
20.267
15.652
13.628
10.994
7.519
3.259
8.474
14.973
10.755
8.134
11.641
6.739
16.303
13.340
12.661
9.618
20.609
34.903
9.082
21.191
20.530
5.354
14.623
31.479
7.368
12.185
3.821
17.447
20.994
9.551
16.181
11.218
15.998
6.895
11.230
9.196
18.800
12.867
12.188
23.397
16.825
18.908
10.670
27.880
20.929
20.364
5.074
11.664
6.679
10.124
16.217
5.980
10.153
7.065
16.357
12.165
7.335
15.707
8.420
7.332
12.609
5.629
2.716
7.924
14.047
3.160
15.688
14.255
13.606
10.813
21.316
13.006
18.174
19.159
12.204
11.726
17.400
9.406
10.660
13.609
7.795
13.421
10.391
14.132
6.365
7.770
13.027
5.593
9.327
4.685
17.682
16.239
3.752
15.818
5.580
15.960
10.688
12.825
6.698
19.075
9.114
14.316
8.832
11.268
9.620
20.210
3.108
9.417
9.134
5.466
5.537
8.842
5.456
5.511
7.550
13.662
13.228
9.469
3.301
17.318
12.001
10.219
11.364
6.927
2.707
5.948
8.152
3.082
9.429
7.525
17.609
11.265
18.163
5.590
11.824
10.034
6.832
6.537
17.817
11.568
13.466
10.422
3.066
12.904
8.735
12.131
33.099
7.479
16.683
13.042
12.047
10.996
5.060
6.887
23.965
16.753
6.863
13.100
4.413
15.064
10.933
26.108
12.552
21.734
6.727
17.883
5.478
11.853
4.409
9.327
8.023
33.824
9.293
6.504
8.914
8.132
7.625
6.795
13.111
8.504
5.543
8.087
20.279
6.446
10.182
20.066
9.711
17.588
14.000
8.171
4.130
5.298
10.654
14.240
12.534
10.017
5.892
9.768
8.799
13.981
12.416
7.591
10.704
8.674
11.885
7.447
12.126
11.205
14.207
8.549
10.520
9.183
9.074
12.968
33.551
25.283
4.712
10.089
6.751
13.033
10.544
5.599
13.516
26.200
19.955
11.159
9.694
21.963
13.754
10.564
9.744
7.740
3.691
7.166
14.887
20.195
5.047
11.897
26.670
7.025
4.837
8.134
5.053
12.806
10.753
16.724
13.009
5.488
23.812
8.792
12.659
11.289
3.796
7.012
8.796
17.462
11.349
14.875
6.055
10.153
9.148
5.403
7.471
12.653
11.079
5.745
3.625
20.584
12.041
6.985
6.609
10.749
17.163
2.993
9.667
5.646
8.806
19.065
11.663
11.528
11.351
13.675
25.186
7.035
8.706
4.728
12.424
20.036
4.901
11.931
20.247
22.918
17.370
13.617
3.202
6.280
10.121
7.844
1.935
2.544
1.952
1.344
6.846
4.054
2.670
2.483
7.417
9.484
3.747
7.047
2.277
3.079
6.051
3.245
10.373
2.668
1.915
2.483
11.008
15.062
4.532
10.130
8.657
6.965
2.122
1.370
1.384
4.280
6.800
1.529
1.508
1.631
1.974
15.180
10.329
14.603
9.901
2.294
1.651
8.657
7.635
3.254
5.669
1.864
6.755
2.560
1.842
8.783
2.996
11.040
2.702
3.881
12.665
1.573
1.352
1.579
2.061
1.542
1.594
5.419
14.956
6.674
17.273
1.380
6.879
9.896
8.432
1.854
6.912
10.106
25.846
5.754
1.918
2.021
8.539
13.136
18.033
4.312
16.160
34.913
10.912
15.432
4.469
3.419
7.955
14.308
12.935
5.287
2.143
8.082
11.445
7.066
3.820
1.867
8.475
2.540
1.432
10.417
8.766
6.669
1.891
3.855
9.221
7.638
6.493
5.101
4.043
1.423
2.556
1.933
17.868
9.273
1.322
2.533
9.020
7.580
7.724
14.597
5.868
11.182
3.874
2.300
7.427
14.082
15.814
3.251
4.932
13.007
1.845
8.622
3.919
2.557
1.860
3.892
6.740
2.868
1.989
3.429
6.323
11.714
7.758
2.941
13.163
12.902
15.100
6.636
4.939
3.745
8.883
4.255
13.544
11.782
18.264
6.686
4.734
6.636
7.595
13.769
8.568
4.123
3.604
5.720
4.001
7.151
12.566
19.264
13.901
16.407
8.859
7.966
2.557
7.331
6.333
5.573
1.941
5.166
9.664
12.365
4.383
3.109
4.956
24.767
11.749
12.698
5.251
6.994
3.681
7.012
5.239
3.983
5.118
7.555
15.364
9.596
19.133
2.535
9.003
8.077
13.583
1.994
8.812
25.056
15.420
5.736
9.099
7.973
7.203
11.277
13.064
7.655
12.242
8.176
19.647
15.736
12.079
13.383
11.819
12.664
11.862
13.319
11.561
28.821
28.269
16.632
12.587
11.572
8.516
10.084
6.425
17.867
5.185
3.713
8.240
9.779
3.717
10.777
17.516
9.928
9.390
4.576
11.325
7.084
8.806
14.130
16.883
12.210
11.402
4.654
9.947
4.695
2.375
9.067
5.492
5.361
7.047
11.388
6.258
7.761
10.128
14.422
10.697
8.975
10.098
8.130
6.949
16.300
21.965
16.272
9.751
8.767
7.725
9.747
13.884
9.866
8.657
17.856
24.239
12.862
21.540
14.529
13.298
25.919
11.829
25.064
23.426
13.607
18.531
9.708
9.628
16.674
11.915
17.565
9.564
14.626
11.951
29.161
32.810
13.872
16.085
17.685
12.514
15.933
14.346
11.589
20.617
9.995
16.576
16.435
10.146
14.481
20.013
6.770
17.817
13.154
14.684
9.960
16.258
12.472
8.804
25.310
17.850
15.416
7.625
18.636
15.939
15.772
13.232
7.838
7.232
32.885
11.454
15.075
4.964
21.849
13.292
10.597
7.918
21.544
30.401
13.266
10.589
11.770
21.836
11.938
18.299
13.112
15.452
11.057
10.596
23.302
9.772
17.517
24.540
13.504
25.014
7.935
15.027
15.584
7.793
18.184
15.579
14.945
25.490
13.336
9.638
26.515
19.329
15.616
35.831
16.994
10.638
9.883
14.439
23.971
29.232
11.329
6.477
22.784
24.379
8.662
5.268
15.466
21.213
6.150
22.562
12.153
22.520
12.877
16.240
12.166
6.508
10.914
18.511
22.007
10.605
18.565
20.557
7.352
9.143
3.259
5.276
11.037
3.629
5.235
11.134
4.489
7.850
4.380
4.341
4.548
6.303
5.560
6.476
10.542
9.241
9.840
9.166
4.683
7.404
5.416
6.069
5.706
7.921
7.681
8.766
5.408
5.313
2.871
7.186
4.864
6.686
3.789
5.042
3.228
7.030
3.132
3.381
3.652
7.767
9.792
8.325
3.109
7.957
7.229
17.579
17.731
14.806
16.768
4.956
2.684
9.889
7.263
5.435
6.994
4.709
14.091
5.185
10.756
3.652
9.980
7.828
9.798
6.207
14.582
7.274
11.262
12.774
15.348
11.638
8.352
10.497
11.804
19.839
6.801
10.674
10.830
6.821
5.121
11.305
8.857
20.209
8.449
11.695
13.231
21.689
18.785
22.315
9.247
27.561
24.094
10.262
4.668
10.307
5.233
17.159
14.701
17.975
12.185
14.302
19.965
24.515
11.943
25.284
9.915
8.789
18.930
14.971
9.324
16.168
10.997
9.012
6.720
10.432
8.479
5.976
5.652
11.599
6.558
10.078
23.677
16.149
20.461
25.474
12.608
12.516
20.653
12.340
8.460
11.724
6.106
18.008
10.289
7.581
5.408
15.942
13.051
14.644
7.296
21.847
16.988
10.115
11.419
4.601
13.283
8.160
11.570
16.537
7.501
10.352
4.878
11.305
4.420
8.688
25.509
14.611
11.619
8.081
5.592
18.899
13.317
11.399
10.743
10.863
10.100
17.784
15.924
23.020
8.740
9.973
11.470
4.681
8.982
8.822
9.424
11.466
9.481
15.024
16.912
14.910
14.618
14.499
10.940
33.266
35.873
6.488
18.795
12.791
10.554
20.515
16.974
14.228
10.613
20.464
18.920
15.613
8.279
11.662
6.780
4.574
13.691
6.424
5.910
13.044
14.307
13.206
12.854
9.645
8.089
5.098
7.439
19.120
15.658
13.968
10.610
21.623
14.972
19.827
18.465
8.636
11.096
9.966
13.941
7.812
11.467
12.263
6.806
13.066
15.033
12.842
8.775
16.774
12.183
7.432
18.096
17.836
14.653
12.008
10.423
12.755
11.470
11.649
14.618
20.615
10.332
26.660
11.960
10.983
9.793
16.301
7.756
6.480
8.358
24.179
11.790
15.025
12.935
11.605
8.536
9.452
21.917
12.491
18.595
12.310
13.164
8.471
5.301
14.880
12.592
17.552
58.228
4.779
2.954
5.591
7.884
6.343
3.787
5.740
8.446
9.798
9.693
7.542
2.976
8.060
9.425
10.679
6.097
10.773
8.481
9.603
4.930
6.125
10.716
14.974
5.077
4.785
11.656
6.401
16.549
7.006
7.061
9.735
9.625
12.969
5.986
6.942
6.145
4.615
5.917
4.248
3.101
9.445
6.796
6.019
13.832
4.073
5.792
4.451
9.466
4.821
3.881
6.866
5.213
10.387
9.178
6.485
5.355
4.768
8.206
8.933
7.131
7.016
17.404
2.972
15.668
7.754
6.808
8.169
19.558
9.222
7.547
9.547
4.324
3.809
13.937
9.985
8.550
4.490
6.578
4.672
9.573
11.485
4.877
4.843
12.960
6.721
5.723
4.989
13.484
7.213
11.551
11.251
8.018
7.971
9.326
4.655
8.128
10.031
8.197
14.669
5.964
8.704
8.380
11.197
9.236
6.641
9.410
7.285
6.437
6.376
10.557
6.305
5.504
11.765
8.313
11.147
14.224
7.602
6.255
4.721
10.895
11.278
14.029
12.901
10.411
7.038
9.648
6.715
6.457
5.949
3.836
12.106
2.810
5.576
15.080
11.323
8.966
5.398
6.607
17.758
6.469
12.432
13.355
12.008
8.025
4.355
9.732
7.435
12.307
11.171
9.186
3.285
5.280
12.347
17.501
8.979
10.675
7.757
9.692
15.224
2.856
10.148
6.537
12.260
5.300
7.026
10.728
4.502
10.800
3.697
14.119
7.349
26.826
3.655
16.501
24.622
9.155
19.862
11.166
14.989
9.543
6.210
8.677
14.633
9.892
6.753
5.983
12.929
7.496
6.596
5.526
13.317
5.265
2.964
7.493
13.816
13.096
12.286
11.771
8.814
16.062
3.557
6.109
10.817
7.307
5.083
21.668
17.308
3.075
4.696
15.349
7.951
12.605
4.656
7.477
11.959
14.363
5.385
8.582
4.841
9.148
6.361
16.402
2.850
9.011
8.181
6.920
8.075
10.381
4.203
2.780
17.792
12.577
9.855
11.171
7.982
11.867
6.096
2.859
15.548
5.578
6.498
9.278
12.276
10.004
7.582
8.666
7.786
4.172
8.415
19.352
5.490
6.342
4.226
13.926
4.337
10.004
5.108
3.663
13.758
12.445
8.724
5.851
8.168
7.985
4.422
4.780
9.381
10.230
6.375
6.461
4.576
9.206
9.123
8.234
6.196
8.516
5.332
16.080
6.057
11.141
9.596
4.083
6.610
3.917
5.102
6.896
2.405
4.517
7.447
14.081
15.655
5.352
6.309
7.871
4.845
5.596
5.905
6.828
6.332
5.651
7.821
9.897
8.587
7.440
8.951
7.145
7.221
7.401
7.758
11.888
5.325
7.497
12.056
8.838
8.438
6.237
3.531
10.830
9.112
18.055
7.664
8.563
6.296
11.519
6.373
6.761
5.360
12.433
5.448
12.400
6.822
2.836
12.253
5.348
11.491
10.455
8.243
3.831
15.696
12.204
5.139
8.818
3.584
4.926
8.969
12.390
11.999
9.943
7.850
6.039
7.980
10.249
14.815
9.898
6.372
7.262
4.857
4.137
12.975
5.925
10.395
7.877
10.116
6.378
6.241
11.260
6.917
8.805
10.420
7.555
5.470
10.333
11.376
7.601
14.553
6.072
5.691
19.954
10.926
8.704
3.415
14.788
19.295
9.023
10.249
9.449
7.222
12.160
8.653
7.306
12.553
9.208
7.995
8.131
11.600
8.921
4.398
8.344
7.794
7.261
6.727
3.140
3.969
5.135
5.731
6.437
3.906
7.653
4.853
4.274
8.079
11.469
8.880
7.841
15.175
13.059
8.892
7.586
10.332
9.072
10.290
9.359
17.389
22.205
11.458
2.372
4.241
6.637
6.425
2.588
8.338
5.303
3.913
7.155
8.536
6.642
2.639
3.961
3.631
3.471
4.571
6.458
5.704
5.008
10.622
9.299
11.497
6.850
12.058
10.156
5.319
9.647
13.263
13.225
10.205
19.262
11.918
24.469
10.208
3.218
12.094
9.142
14.947
9.784
3.238
13.004
9.190
16.842
7.838
16.598
17.039
4.380
5.618
25.005
9.914
8.198
17.726
10.389
14.467
14.691
13.036
3.551
9.647
11.114
8.158
21.258
35.458
9.841
14.008
4.108
9.452
12.200
18.881
12.638
13.261
8.205
11.485
42.548
17.542
23.234
14.119
9.486
18.133
5.440
3.769
15.126
16.125
11.548
19.516
18.125
9.406
15.728
11.731
9.217
8.278
17.004
21.010
5.866
8.097
7.132
12.081
10.528
7.444
6.407
15.101
10.307
18.079
7.668
9.100
3.337
3.110
5.843
6.277
5.334
3.399
10.079
3.529
7.828
2.447
15.260
9.022
2.935
4.091
5.360
8.966
8.028
7.307
14.960
5.929
4.124
5.886
3.046
6.818
10.269
4.400
7.918
12.515
10.445
8.780
15.237
21.631
6.513
24.771
13.195
16.789
7.913
12.302
14.605
11.074
17.991
13.663
12.200
26.627
33.577
9.007
12.771
13.803
7.020
6.071
6.675
4.587
3.504
7.052
3.475
7.483
6.987
10.366
3.553
3.453
1.955
9.897
6.291
5.641
2.856
5.164
7.014
4.333
4.128
6.871
6.106
10.019
3.568
4.252
4.137
6.919
4.677
3.700
7.860
4.979
7.592
7.462
4.577
5.555
4.207
6.235
6.201
6.003
9.314
5.364
6.308
7.062
10.149
5.885
11.616
5.140
9.494
3.641
9.043
7.673
12.055
5.916
10.776
7.115
19.089
5.239
9.934
5.355
7.892
5.083
6.951
4.132
8.040
5.165
10.258
8.282
7.086
8.525
5.529
8.278
13.485
3.920
7.706
15.670
8.798
5.859
5.309
15.266
12.618
16.374
7.276
2.781
18.714
8.777
7.352
8.547
4.190
4.786
3.960
4.658
6.329
7.082
5.761
11.427
7.032
3.830
8.191
6.407
7.610
5.188
3.223
15.741
9.126
4.843
8.623
9.001
16.047
5.056
7.622
6.286
12.270
9.366
4.527
4.286
8.845
7.342
16.292
8.795
5.316
6.577
4.838
8.182
15.735
6.843
5.334
14.014
9.942
5.459
7.474
9.570
8.296
6.184
13.362
16.273
7.100
4.835
9.093
10.272
6.447
4.829
8.782
16.444
9.820
10.627
8.322
5.181
3.842
8.526
7.014
6.596
5.165
8.797
14.670
8.672
6.287
10.048
